 g 
--------------------------------------------------------------------------------------------------------------
TRIUNFANTE MATOGROSSENSE ALIMENTOS LTDA                                   05 Contas a Receber     Ref:cr05345c
Filial: CAMPO GRANDE                                                                   Emissao    Hora   Folha
               Resumo de Borderos de Cobranca - EMISSAO DE 04/04/2024 A 04/04/2024 Analitico
-----GRUPO TRIUNFANTE------------------------------------------------------------------Usuario: willian-------

         Bordero  Emissao       Valor NF      NF     Vlr em Aberto Mot.

         115.749 04/04/24         110,62 670.415            110,62 00001
         115.749 04/04/24         255,89 670.416            255,89 00001
         115.749 04/04/24         569,94 670.417            569,94 00001
         115.749 04/04/24         155,09 670.418            155,09 00001
         115.750 04/04/24         189,77 670.419            189,77 00003
         115.750 04/04/24         430,36 670.420            430,36 00003
         115.750 04/04/24         692,77 670.421            692,77 00003
         115.750 04/04/24         112,64 670.422            112,64 00003
         115.750 04/04/24         627,02 670.423            627,02 00003
         115.750 04/04/24         148,70 670.424            148,70 00003
         115.751 04/04/24         113,47 670.425            113,47 00005
         115.751 04/04/24         419,95 670.426            419,95 00005
         115.751 04/04/24       1.102,13 670.427          1.102,13 00005
         115.751 04/04/24         163,52 670.428            163,52 00005
         115.751 04/04/24         105,28 670.429            105,28 00005
         115.751 04/04/24         103,96 670.430            103,96 00005
         115.751 04/04/24         111,03 670.431            111,03 00005
         115.751 04/04/24         127,52 670.432            127,52 00005
         115.752 04/04/24         900,76 670.433            900,76 00006
         115.752 04/04/24         214,51 670.434            214,51 00006
         115.752 04/04/24         296,73 670.435            296,73 00006
         115.752 04/04/24       1.489,88 670.436            744,94 00006
         115.752 04/04/24          99,35 670.437             99,35 00006
         115.752 04/04/24          62,76 670.438             62,76 00006
         115.752 04/04/24         110,55 670.439            110,55 00006
         115.752 04/04/24         126,62 670.440            126,62 00006
         115.752 04/04/24       3.229,82 670.441          3.229,82 00006
         115.752 04/04/24         643,20 670.442            643,20 00006
         115.753 04/04/24         351,96 670.443            351,96 00007
         115.753 04/04/24         999,90 670.444            999,90 00007
         115.754 04/04/24         588,22 670.445            588,22 00008
         115.754 04/04/24         345,04 670.446            345,04 00008
         115.754 04/04/24         119,50 670.447            119,50 00008
         115.754 04/04/24         613,99 670.448            613,99 00008
         115.754 04/04/24         194,62 670.449            194,62 00008
         115.754 04/04/24         115,83 670.450            115,83 00008
         115.754 04/04/24         119,94 670.451            119,94 00008
         115.755 04/04/24         439,99 670.452            439,99 00010
         115.756 04/04/24         244,54 670.453            244,54 00013
         115.756 04/04/24         157,65 670.454            157,65 00013
         115.756 04/04/24       2.096,86 670.455          2.096,86 00013
         115.756 04/04/24         257,36 670.456            257,36 00013
         115.756 04/04/24       3.165,00 670.457          3.165,00 00013
         115.757 04/04/24         165,85 670.458            165,85 00018
         115.757 04/04/24         578,69 670.459            578,69 00018
--------------------------------------------------------------------------------------------------------------
TRIUNFANTE MATOGROSSENSE ALIMENTOS LTDA                                   05 Contas a Receber     Ref:cr05345c
Filial: CAMPO GRANDE                                                                   Emissao    Hora   Folha
               Resumo de Borderos de Cobranca - EMISSAO DE 04/04/2024 A 04/04/2024 Analitico
-----GRUPO TRIUNFANTE------------------------------------------------------------------Usuario: willian-------

         Bordero  Emissao       Valor NF      NF     Vlr em Aberto Mot.

         115.758 04/04/24       1.032,56 670.460          1.032,56 00048
         115.758 04/04/24       2.980,36 670.461            993,46 00048
         115.759 04/04/24         926,55 670.462            926,55 00057
         115.759 04/04/24         156,62 670.463            156,62 00057