 g 
--------------------------------------------------------------------------------------------------------------
TRIUNFANTE MATOGROSSENSE ALIMENTOS LTDA                                   05 Contas a Receber     Ref:cr05345c
Filial: CAMPO GRANDE                                                                   Emissao    Hora   Folha
               Resumo de Borderos de Cobranca - EMISSAO DE 03/04/2024 A 03/04/2024 Analitico
-----GRUPO TRIUNFANTE------------------------------------------------------------------Usuario: willian-------

         Bordero  Emissao       Valor NF      NF     Vlr em Aberto Mot.

         115.735 03/04/24         367,75 670.369            367,75 00003
         115.735 03/04/24         332,78 670.370            332,78 00003
         115.736 03/04/24         616,30 670.371            616,30 00005
         115.736 03/04/24         616,30 670.372            616,30 00005
         115.736 03/04/24         616,30 670.373            616,30 00005
         115.736 03/04/24       1.122,03 670.374          1.122,03 00005
         115.736 03/04/24         263,30 670.375            263,30 00005
         115.736 03/04/24         658,19 670.376            658,19 00005
         115.736 03/04/24         169,50 670.377            169,50 00005
         115.736 03/04/24         123,15 670.378            123,15 00005
         115.736 03/04/24         212,09 670.379            212,09 00005
         115.737 03/04/24         457,03 670.380            457,03 00006
         115.737 03/04/24         144,34 670.381            144,34 00006
         115.737 03/04/24         198,70 670.382            198,70 00006
         115.737 03/04/24         101,28 670.383            101,28 00006
         115.737 03/04/24         203,59 670.384            203,59 00006
         115.737 03/04/24         225,30 670.385            225,30 00006
         115.737 03/04/24         143,38 670.386            143,38 00006
         115.737 03/04/24         346,18 670.387            346,18 00006
         115.737 03/04/24         104,65 670.388            104,65 00006
         115.738 03/04/24         340,54 670.389            340,54 00008
         115.738 03/04/24         202,56 670.390            202,56 00008
         115.738 03/04/24         350,96 670.391            350,96 00008
         115.738 03/04/24         498,48 670.392            498,48 00008
         115.739 03/04/24         972,14 670.393            486,07 00010
         115.739 03/04/24         236,24 670.394            236,24 00010
         115.739 03/04/24         488,60 670.395            244,30 00010
         115.739 03/04/24         111,46 670.396            111,46 00010
         115.739 03/04/24         248,03 670.397            248,03 00010
         115.739 03/04/24         297,70 670.398            297,70 00010
         115.739 03/04/24          53,96 670.399             53,96 00010
         115.739 03/04/24         233,27 670.400            233,27 00010
         115.739 03/04/24         206,21 670.401            206,21 00010
         115.739 03/04/24         134,88 670.402            134,88 00010
         115.740 03/04/24         474,89 670.403            474,89 00018
         115.740 03/04/24         110,48 670.404            110,48 00018
         115.741 03/04/24         384,13 670.405            384,13 00027
         115.741 03/04/24         776,90 670.406            258,98 00027
         115.742 03/04/24         536,52 670.407            268,26 00028
         115.743 03/04/24         141,79 670.408            141,79 00048